      Delays [ms]
--  -------------
 0             25
 1             13
 2             18
 3             23
 4             27
 5              3
 6              7
 7             14
 8              2
 9              7
10             11
11             15
12              2
13             11
14             13
15             17
16             20
17              9
18             13
19             17
20             20
21             10
22             28
23             31
24              8
25             12
26              2
27              5
28              9
29             13
30             17
31              6
32              9
33             11
34             16
35             20
36              9
37             14
38             19
39             24
40             30
41              4
42             10
43             31
44              4
45              5
46              9
47             13
48             17
49              3
50              7
51              9
52             14
53             16
54             20
55              9
56             12
57             17
58              6
59             11
60             28
61              6
62              9
63             12
64             15
65              5
66             10
67             15
68              4
69              8
70             13
71             17
72             19
73             23
74             12
75             46
76             21
77              9
78             29
79              4
80              7
81             11
82              2
83              8
84             12
85             17
86              5
87              9
88             14
89             17
90             20
91             24
92             11
93             15
94              3
95              9
96             31
97              5
98             10
99             13