        Measured Period [us]
----  ----------------------
   0                 39.75
   1                 39.8125
   2                 39.75
   3                 39.8125
   4                 39.75
   5                 39.8125
   6                 39.75
   7                 39.8125
   8                 39.75
   9                 39.75
  10                 39.8125
  11                 39.75
  12                 39.8125
  13                 39.75
  14                 39.8125
  15                 39.75
  16                 39.8125
  17                 39.75
  18                 39.75
  19                 39.8125
  20                 39.75
  21                 39.8125
  22                 39.75
  23                 39.8125
  24                 39.75
  25                 39.8125
  26                 39.75
  27                 39.8125
  28                 39.75
  29                 39.75
  30                 39.8125
  31                 39.75
  32                 39.8125
  33                 39.75
  34                 39.8125
  35                 39.75
  36                 39.8125
  37                 39.75
  38                 39.75
  39                 39.8125
  40                 39.75
  41                 39.8125
  42                 39.75
  43                 39.8125
  44                 39.75
  45                 39.8125
  46                 39.75
  47                 39.8125
  48                 39.75
  49                 39.75
  50                 39.8125
  51                 39.75
  52                 39.8125
  53                 39.75
  54                 39.8125
  55                 39.75
  56                 39.8125
  57                 39.75
  58                 39.8125
  59                 39.75
  60                 39.75
  61                 39.8125
  62                 39.75
  63                 39.8125
  64                 39.75
  65                 39.8125
  66                 39.75
  67                 39.8125
  68                 39.75
  69                 39.75
  70                 39.8125
  71                 39.75
  72                 39.8125
  73                 39.75
  74                 39.8125
  75                 39.75
  76                 39.8125
  77                 39.75
  78                 39.8125
  79                 39.75
  80                 39.75
  81                 39.8125
  82                 39.75
  83                 39.8125
  84                 39.75
  85                 39.8125
  86                 39.75
  87                 39.8125
  88                 39.75
  89                 39.8125
  90                 39.75
  91                 39.75
  92                 39.8125
  93                 39.75
  94                 39.8125
  95                 39.75
  96                 39.8125
  97                 39.75
  98                 39.8125
  99                 39.75
 100                 39.75
 101                 39.8125
 102                 39.75
 103                 39.8125
 104                 39.75
 105                 39.8125
 106                 39.75
 107                 39.8125
 108                 39.75
 109                 39.8125
 110                 39.75
 111                 39.75
 112                 39.8125
 113                 39.75
 114                 39.8125
 115                 39.75
 116                 39.8125
 117                 39.75
 118                 39.8125
 119                 39.75
 120                 39.8125
 121                 39.75
 122                 39.75
 123                 39.8125
 124                 39.75
 125                 39.8125
 126                 39.75
 127                 39.8125
 128                 39.75
 129                 39.8125
 130                 39.75
 131                 39.75
 132                 39.8125
 133                 39.75
 134                 39.8125
 135                 39.75
 136                 39.8125
 137                 39.75
 138                 39.8125
 139                 39.75
 140                 39.8125
 141                 39.75
 142                 39.75
 143                 39.8125
 144                 39.75
 145                 39.8125
 146                 39.75
 147                 39.8125
 148                 39.75
 149                 39.8125
 150                 39.75
 151                 39.8125
 152                 39.75
 153                 39.75
 154                 39.8125
 155                 39.75
 156                 39.8125
 157                 39.75
 158                 39.8125
 159                 39.75
 160                 39.8125
 161                 39.75
 162                 39.75
 163                 39.8125
 164                 39.75
 165                 39.8125
 166                 39.75
 167                 39.8125
 168                 39.75
 169                 39.8125
 170                 39.75
 171                 39.8125
 172                 39.75
 173                 39.75
 174                 39.8125
 175                 39.75
 176                 39.8125
 177                 39.75
 178                 39.8125
 179                 39.75
 180                 39.8125
 181                 39.75
 182                 39.8125
 183                 39.75
 184                 39.75
 185                 39.8125
 186                 39.75
 187                 39.8125
 188                 39.75
 189                 39.8125
 190                 39.75
 191                 39.8125
 192                 39.75
 193                 39.75
 194                 39.8125
 195                 39.75
 196                 39.8125
 197                 39.75
 198                 39.8125
 199                 39.75
 200                 39.8125
 201                 39.75
 202                 39.8125
 203                 39.75
 204                 39.75
 205                 39.8125
 206                 39.75
 207                 39.8125
 208                 39.75
 209                 39.8125
 210                 39.75
 211                 39.8125
 212                 39.75
 213                 39.8125
 214                 39.75
 215                 39.75
 216                 39.8125
 217                 39.75
 218                 39.8125
 219                 39.75
 220                 39.8125
 221                 39.75
 222                 39.8125
 223                 39.75
 224                 39.75
 225                 39.8125
 226                 39.75
 227                 39.8125
 228                 39.75
 229                 39.8125
 230                 39.75
 231                 39.8125
 232                 39.75
 233                 39.8125
 234                 39.75
 235                 39.75
 236                 39.8125
 237                 39.75
 238                 39.8125
 239                 39.75
 240                 39.8125
 241                 39.75
 242                 39.8125
 243                 39.75
 244                 39.75
 245                 39.8125
 246                 39.75
 247                 39.8125
 248                 99.3125
 249                 99.375
 250                 99.375
 251                 99.3125
 252                 99.375
 253                 99.375
 254                 99.3125
 255                 99.375
 256                 99.375
 257                 99.3125
 258                 99.375
 259                 99.375
 260                 99.3125
 261                 99.375
 262                 99.3125
 263                 99.375
 264                 99.375
 265                 99.3125
 266                 99.375
 267                 99.375
 268                 99.3125
 269                 99.375
 270                 99.375
 271                 99.3125
 272                 99.375
 273                 99.375
 274                 99.3125
 275                 99.375
 276                 99.3125
 277                 99.375
 278                 99.375
 279                 99.3125
 280                 99.375
 281                 99.375
 282                 99.3125
 283                 99.375
 284                 99.375
 285                 99.3125
 286                 99.375
 287                 99.3125
 288                 99.375
 289                 99.375
 290                 99.3125
 291                 99.375
 292                 99.375
 293                 99.3125
 294                 99.375
 295                 99.375
 296                 99.3125
 297                 99.375
 298                 99.375
 299                 99.3125
 300                 99.375
 301                 99.3125
 302                 99.375
 303                 99.375
 304                 99.3125
 305                 99.375
 306                 99.375
 307                 99.3125
 308                 99.375
 309                 99.375
 310                 99.3125
 311                 99.375
 312                 99.3125
 313                 99.375
 314                 99.375
 315                 99.3125
 316                 99.375
 317                 99.375
 318                 99.3125
 319                 99.375
 320                 99.375
 321                 99.3125
 322                 99.375
 323                 99.375
 324                 99.3125
 325                 99.375
 326                 99.3125
 327                 99.375
 328                 99.375
 329                 99.3125
 330                 99.375
 331                 99.375
 332                 99.3125
 333                 99.375
 334                 99.375
 335                 99.3125
 336                 99.375
 337                 99.3125
 338                 99.375
 339                 99.375
 340                 99.3125
 341                 99.375
 342                 99.375
 343                 99.3125
 344                 99.375
 345                 99.375
 346                 99.3125
 347                 99.375
 348                 99.375
 349                 99.3125
 350                 99.375
 351                 99.3125
 352                 99.375
 353                 99.375
 354                 99.3125
 355                 99.375
 356                 99.375
 357                 99.3125
 358                 99.375
 359                 99.375
 360                 99.3125
 361                 99.375
 362                 99.3125
 363                 99.375
 364                 99.375
 365                 99.3125
 366                 99.375
 367                 99.375
 368                 99.3125
 369                 99.375
 370                 99.375
 371                 99.3125
 372                 99.375
 373                 99.375
 374                 99.3125
 375                 99.375
 376                 99.3125
 377                 99.375
 378                 99.375
 379                 99.3125
 380                 99.375
 381                 99.375
 382                 99.3125
 383                 99.375
 384                 99.375
 385                 99.3125
 386                 99.375
 387                 99.3125
 388                 99.375
 389                 99.375
 390                 99.3125
 391                 99.375
 392                 99.375
 393                 99.3125
 394                 99.375
 395                 99.375
 396                 99.3125
 397                 99.375
 398                 99.375
 399                 99.3125
 400                 99.375
 401                 99.3125
 402                 99.375
 403                 99.375
 404                 99.3125
 405                 99.375
 406                 99.375
 407                 99.3125
 408                 99.375
 409                 99.375
 410                 99.3125
 411                 99.375
 412                 99.3125
 413                 99.375
 414                 99.375
 415                 99.3125
 416                 99.375
 417                 99.375
 418                 99.3125
 419                 99.375
 420                 99.375
 421                 99.3125
 422                 99.375
 423                 99.375
 424                 99.3125
 425                 99.375
 426                 99.3125
 427                 99.375
 428                 99.375
 429                 99.3125
 430                 99.375
 431                 99.375
 432                 99.3125
 433                 99.375
 434                 99.375
 435                 99.3125
 436                 99.375
 437                 99.3125
 438                 99.375
 439                 99.375
 440                 99.3125
 441                 99.375
 442                 99.375
 443                 99.3125
 444                 99.375
 445                 99.375
 446                 99.3125
 447                 99.375
 448                 99.375
 449                 99.3125
 450                 99.375
 451                 99.3125
 452                 99.375
 453                 99.375
 454                 99.3125
 455                 99.375
 456                 99.375
 457                 99.3125
 458                 99.375
 459                 99.375
 460                 99.3125
 461                 99.375
 462                 99.3125
 463                 99.375
 464                 99.375
 465                 99.3125
 466                 99.375
 467                 99.375
 468                 99.3125
 469                 99.375
 470                 99.375
 471                 99.3125
 472                 99.375
 473                 99.375
 474                 99.3125
 475                 99.375
 476                 99.3125
 477                 99.375
 478                 99.375
 479                 99.3125
 480                 99.375
 481                 99.375
 482                 99.3125
 483                 99.375
 484                 99.375
 485                 99.3125
 486                 99.375
 487                 99.375
 488                 99.3125
 489                 99.375
 490                 99.3125
 491                 99.375
 492                 99.375
 493                 99.3125
 494                 99.375
 495                 99.375
 496                 99.3125
 497                 99.375
 498                 99.375
 499                 99.3125
 500                 99.375
 501                 99.3125
 502                 99.375
 503                 99.375
 504                 99.3125
 505                 99.375
 506                 99.375
 507                 99.3125
 508                 99.375
 509                 99.375
 510                 99.3125
 511                 99.375
 512                 99.375
 513                 99.3125
 514                 99.375
 515                 99.3125
 516                 99.375
 517                 99.375
 518                 99.3125
 519                 99.375
 520                 99.375
 521                 99.3125
 522                 99.375
 523                 99.375
 524                 99.3125
 525                 99.375
 526                 99.3125
 527                 99.375
 528                 99.375
 529                 99.3125
 530                 99.375
 531                 99.375
 532                 99.3125
 533                 99.375
 534                 99.375
 535                 99.3125
 536                 99.375
 537                 99.375
 538                 99.3125
 539                 99.375
 540                 99.3125
 541                 99.375
 542                 99.375
 543                 99.3125
 544                 99.375
 545                 99.375
 546                 99.3125
 547                 99.375
 548                 99.375
 549                 99.3125
 550                 99.375
 551                 99.3125
 552                 99.375
 553                 99.375
 554                 99.3125
 555                 99.375
 556                 99.375
 557                 99.3125
 558                 99.375
 559                 99.375
 560                 99.3125
 561                 99.375
 562                 99.375
 563                 99.3125
 564                 99.375
 565                 99.3125
 566                 99.375
 567                 99.375
 568                 99.3125
 569                 99.375
 570                 99.375
 571                 99.3125
 572                 99.375
 573                 99.375
 574                 99.3125
 575                 99.375
 576                 99.3125
 577                 99.375
 578                 99.375
 579                 99.3125
 580                 99.375
 581                 99.375
 582                 99.3125
 583                 99.375
 584                 99.375
 585                 99.3125
 586                 99.375
 587                 99.3125
 588                 99.375
 589                 99.375
 590                 99.3125
 591                 99.375
 592                 99.375
 593                 99.3125
 594                 99.375
 595                 99.375
 596                 99.3125
 597                 99.375
 598                 99.375
 599                 99.3125
 600                 99.375
 601                 99.3125
 602                 99.375
 603                 99.375
 604                 99.3125
 605                 99.375
 606                 99.375
 607                 99.3125
 608                 99.375
 609                 99.375
 610                 99.3125
 611                 99.375
 612                 99.375
 613                 99.3125
 614                 99.375
 615                 99.3125
 616                 99.375
 617                 99.375
 618                 99.3125
 619                 99.375
 620                 99.375
 621                 99.3125
 622                 99.375
 623                 99.375
 624                 99.3125
 625                 99.375
 626                 99.3125
 627                 99.375
 628                 99.375
 629                 99.3125
 630                 99.375
 631                 99.375
 632                 99.3125
 633                 99.375
 634                 99.375
 635                 99.3125
 636                 99.375
 637                 99.375
 638                 99.3125
 639                 99.375
 640                 99.3125
 641                 99.375
 642                 99.375
 643                 99.3125
 644                 99.375
 645                 99.375
 646                 99.3125
 647                 99.375
 648                397
 649                396.938
 650                397
 651                396.938
 652                397
 653                397
 654                396.938
 655                397
 656                396.938
 657                397
 658                 39.75
 659                 39.8125
 660                 39.75
 661                 39.8125
 662                 39.75
 663                 39.8125
 664                 39.75
 665                 39.8125
 666                 39.75
 667                 39.8125
 668                 39.75
 669                 39.75
 670                 39.8125
 671                 39.75
 672                 39.8125
 673                 39.75
 674                 39.8125
 675                 39.75
 676                 39.8125
 677                 39.75
 678                 39.8125
 679                 39.75
 680                 39.75
 681                 39.8125
 682                 39.75
 683                 39.8125
 684                 39.75
 685                 39.8125
 686                 39.75
 687                 39.8125
 688                 39.75
 689                 39.75
 690                 39.8125
 691                 39.75
 692                 39.8125
 693                 39.75
 694                 39.8125
 695                 39.75
 696                 39.8125
 697                 39.75
 698                 39.8125
 699                 39.75
 700                 39.75
 701                 39.8125
 702                 39.75
 703                 39.8125
 704                 39.75
 705                 39.8125
 706                 39.75
 707                 39.8125
 708                 39.75
 709                 39.8125
 710                 39.75
 711                 39.75
 712                 39.8125
 713                 39.75
 714                 39.8125
 715                 39.75
 716                 39.8125
 717                 39.75
 718                 39.8125
 719                 39.75
 720                 39.75
 721                 39.8125
 722                 39.75
 723                 39.8125
 724                 39.75
 725                 39.8125
 726                 39.75
 727                 39.8125
 728                 39.75
 729                 39.8125
 730                 39.75
 731                 39.75
 732                 39.8125
 733                 39.75
 734                 39.8125
 735                 39.75
 736                 39.8125
 737                 39.75
 738                 39.8125
 739                 39.75
 740                 39.8125
 741                 39.75
 742                 39.75
 743                 39.8125
 744                 39.75
 745                 39.8125
 746                 39.75
 747                 39.8125
 748                 39.75
 749                 39.8125
 750                 39.75
 751                 39.75
 752                 39.8125
 753                 39.75
 754                 39.8125
 755                 39.75
 756                 39.8125
 757                 39.75
 758                 39.8125
 759                 39.75
 760                 39.8125
 761                 39.75
 762                 39.75
 763                 39.8125
 764                 39.75
 765                 39.8125
 766                 39.75
 767                 39.8125
 768                 39.75
 769                 39.8125
 770                 39.75
 771                 39.8125
 772                 39.75
 773                 39.75
 774                 39.8125
 775                 39.75
 776                 39.8125
 777                 39.75
 778                 39.8125
 779                 39.75
 780                 39.8125
 781                 39.75
 782                 39.75
 783                 39.8125
 784                 39.75
 785                 39.8125
 786                 39.75
 787                 39.8125
 788                 39.75
 789                 39.8125
 790                 39.75
 791                 39.8125
 792                 39.75
 793                 39.75
 794                 39.8125
 795                 39.75
 796                 39.8125
 797                 39.75
 798                 39.8125
 799                 39.75
 800                 39.8125
 801                 39.75
 802                 39.75
 803                 39.8125
 804                 39.75
 805                 39.8125
 806                 39.75
 807                 39.8125
 808                 39.75
 809                 39.8125
 810                 39.75
 811                 39.8125
 812                 39.75
 813                 39.75
 814                 39.8125
 815                 39.75
 816                 39.8125
 817                 39.75
 818                 39.8125
 819                 39.75
 820                 39.8125
 821                 39.75
 822                 39.8125
 823                 39.75
 824                 39.75
 825                 39.8125
 826                 39.75
 827                 39.8125
 828                 39.75
 829                 39.8125
 830                 39.75
 831                 39.8125
 832                 39.75
 833                 39.75
 834                 39.8125
 835                 39.75
 836                 39.8125
 837                 39.75
 838                 39.8125
 839                 39.75
 840                 39.8125
 841                 39.75
 842                 39.8125
 843                 39.75
 844                 39.75
 845                 39.8125
 846                 39.75
 847                 39.8125
 848                 39.75
 849                 39.8125
 850                 39.75
 851                 39.8125
 852                 39.75
 853                 39.75
 854                 39.8125
 855                 39.75
 856                 39.8125
 857                 39.75
 858                 39.8125
 859                 39.75
 860                 39.8125
 861                 39.75
 862                 39.8125
 863                 39.75
 864                 39.75
 865                 39.8125
 866                 39.75
 867                 39.8125
 868                 39.75
 869                 39.8125
 870                 39.75
 871                 39.8125
 872                 39.75
 873                 39.8125
 874                 39.75
 875                 39.75
 876                 39.8125
 877                 39.75
 878                 39.8125
 879                 39.75
 880                 39.8125
 881                 39.75
 882                 39.8125
 883                 39.75
 884                 39.75
 885                 39.8125
 886                 39.75
 887                 39.8125
 888                 39.75
 889                 39.8125
 890                 39.75
 891                 39.8125
 892                 39.75
 893                 39.8125
 894                 39.75
 895                 39.75
 896                 39.8125
 897                 39.75
 898                 39.8125
 899                 39.75
 900                 39.8125
 901                 39.75
 902                 39.8125
 903                 39.75
 904                 39.8125
 905                 39.75
 906                 99.3125
 907                 99.25
 908                 99.3125
 909                 99.3125
 910                 99.25
 911                 99.3125
 912                 99.25
 913                 99.3125
 914                 99.3125
 915                 99.25
 916                 99.3125
 917                 99.3125
 918                 99.25
 919                 99.3125
 920                 99.3125
 921                 99.25
 922                 99.3125
 923                 99.3125
 924                 99.25
 925                 99.3125
 926                 99.3125
 927                 99.25
 928                 99.3125
 929                 99.25
 930                 99.3125
 931                 99.3125
 932                 99.25
 933                 99.3125
 934                 99.3125
 935                 99.25
 936                 99.3125
 937                 99.3125
 938                 99.25
 939                 99.3125
 940                 99.3125
 941                 99.25
 942                 99.3125
 943                 99.3125
 944                 99.25
 945                 99.3125
 946                 99.25
 947                 99.3125
 948                 99.3125
 949                 99.25
 950                 99.3125
 951                 99.3125
 952                 99.25
 953                 99.3125
 954                 99.3125
 955                 99.25
 956                 99.3125
 957                 99.3125
 958                 99.25
 959                 99.3125
 960                 99.3125
 961                 99.25
 962                 99.3125
 963                 99.25
 964                 99.3125
 965                 99.3125
 966                 99.25
 967                 99.3125
 968                 99.3125
 969                 99.25
 970                 99.3125
 971                 99.3125
 972                 99.25
 973                 99.3125
 974                 99.3125
 975                 99.25
 976                 99.3125
 977                 99.3125
 978                 99.25
 979                 99.3125
 980                 99.25
 981                 99.3125
 982                 99.3125
 983                 99.25
 984                 99.3125
 985                 99.3125
 986                 99.25
 987                 99.3125
 988                 99.3125
 989                 99.25
 990                 99.3125
 991                 99.3125
 992                 99.25
 993                 99.3125
 994                 99.3125
 995                 99.25
 996                 99.3125
 997                 99.25
 998                 99.3125
 999                 99.3125
1000                 99.25
1001                 99.3125
1002                 99.3125
1003                 99.25
1004                 99.3125
1005                 99.3125
1006                 99.25
1007                 99.3125
1008                 99.3125
1009                 99.25
1010                 99.3125
1011                 99.3125
1012                 99.25
1013                 99.3125
1014                 99.3125
1015                 99.25
1016                 99.3125
1017                 99.25
1018                 99.3125
1019                 99.3125
1020                 99.25
1021                 99.3125
1022                 99.3125
1023                 99.25
1024                 99.3125
1025                 99.3125
1026                 99.25
1027                 99.3125
1028                 99.3125
1029                 99.25
1030                 99.3125
1031                 99.3125
1032                 99.25
1033                 99.3125
1034                 99.25
1035                 99.3125
1036                 99.3125
1037                 99.25
1038                 99.3125
1039                 99.3125
1040                 99.25
1041                 99.3125
1042                 99.3125
1043                 99.25
1044                 99.3125
1045                 99.3125
1046                 99.25
1047                 99.3125
1048                 99.3125
1049                 99.25
1050                 99.3125
1051                 99.25
1052                 99.3125
1053                 99.3125
1054                 99.25
1055                 99.3125
1056                 99.3125
1057                 99.25
1058                 99.3125
1059                 99.3125
1060                 99.25
1061                 99.3125
1062                 99.3125
1063                 99.25
1064                 99.3125
1065                 99.3125
1066                 99.25
1067                 99.3125
1068                 99.25
1069                 99.3125
1070                 99.3125
1071                 99.25
1072                 99.3125
1073                 99.3125
1074                 99.25
1075                 99.3125
1076                 99.3125
1077                 99.25
1078                 99.3125
1079                 99.3125
1080                 99.25
1081                 99.3125
1082                 99.3125
1083                 99.25
1084                 99.3125
1085                 99.25
1086                 99.3125
1087                 99.3125
1088                 99.25
1089                 99.3125
1090                 99.3125
1091                 99.25
1092                 99.3125
1093                 99.3125
1094                 99.25
1095                 99.3125
1096                 99.3125
1097                 99.25
1098                 99.3125
1099                 99.3125
1100                 99.25
1101                 99.3125
1102                 99.25
1103                 99.3125
1104                 99.3125
1105                 99.25
1106                 99.3125
1107                 99.3125
1108                 99.25
1109                 99.3125
1110                 99.3125
1111                 99.25
1112                 99.3125
1113                 99.3125
1114                 99.25
1115                 99.3125
1116                 99.3125
1117                 99.25
1118                 99.3125
1119                 99.25
1120                 99.3125
1121                 99.3125
1122                 99.25
1123                 99.3125
1124                 99.3125
1125                 99.25
1126                 99.3125
1127                 99.3125
1128                 99.25
1129                 99.3125
1130                 99.3125
1131                 99.25
1132                 99.3125
1133                 99.3125
1134                 99.25
1135                 99.3125
1136                 99.25
1137                 99.3125
1138                 99.3125
1139                 99.25
1140                 99.3125
1141                 99.3125
1142                 99.25
1143                 99.3125
1144                 99.3125
1145                 99.25
1146                 99.3125
1147                 99.3125
1148                 99.25
1149                 99.3125
1150                 99.3125
1151                 99.25
1152                 99.3125
1153                 99.25
1154                 99.3125
1155                 99.3125
1156                 99.25
1157                 99.3125
1158                 99.3125
1159                 99.25
1160                 99.3125
1161                 99.3125
1162                 99.25
1163                 99.3125
1164                 99.3125
1165                 99.25
1166                 99.3125
1167                 99.3125
1168                 99.25
1169                 99.3125
1170                 99.25
1171                 99.3125
1172                 99.3125
1173                 99.25
1174                 99.3125
1175                 99.3125
1176                 99.25
1177                 99.3125
1178                 99.3125
1179                 99.25
1180                 99.3125
1181                 99.3125
1182                 99.25
1183                 99.3125
1184                 99.3125
1185                 99.25
1186                 99.3125
1187                 99.25
1188                 99.3125
1189                 99.3125
1190                 99.25
1191                 99.3125
1192                 99.3125
1193                 99.25
1194                 99.3125
1195                 99.3125
1196                 99.25
1197                 99.3125
1198                 99.3125
1199                 99.25
1200                 99.3125
1201                 99.3125
1202                 99.25
1203                 99.3125
1204                 99.25
1205                 99.3125
1206                 99.3125
1207                 99.25
1208                 99.3125
1209                 99.3125
1210                 99.25
1211                 99.3125
1212                 99.3125
1213                 99.25
1214                 99.3125
1215                 99.3125
1216                 99.25
1217                 99.3125
1218                 99.3125
1219                 99.25
1220                 99.3125
1221                 99.25
1222                 99.3125
1223                 99.3125
1224                 99.25
1225                 99.3125
1226                 99.3125
1227                 99.25
1228                 99.3125
1229                 99.3125
1230                 99.25
1231                 99.3125
1232                 99.3125
1233                 99.25
1234                 99.3125
1235                 99.3125
1236                 99.25
1237                 99.3125
1238                 99.25
1239                 99.3125
1240                 99.3125
1241                 99.25
1242                 99.3125
1243                 99.3125
1244                 99.25
1245                 99.3125
1246                 99.3125
1247                 99.25
1248                 99.3125
1249                 99.3125
1250                 99.25
1251                 99.3125
1252                 99.3125
1253                 99.25
1254                 99.3125
1255                 99.25
1256                 99.3125
1257                 99.3125
1258                 99.25
1259                 99.3125
1260                 99.3125
1261                 99.25
1262                 99.3125
1263                 99.3125
1264                 99.25
1265                 99.3125
1266                 99.3125
1267                 99.25
1268                 99.3125
1269                 99.3125
1270                 99.25
1271                 99.3125
1272                 99.25
1273                 99.3125
1274                 99.3125
1275                 99.25
1276                 99.3125
1277                 99.3125
1278                 99.25
1279                 99.3125
1280                 99.3125
1281                 99.25
1282                 99.3125
1283                 99.3125
1284                 99.25
1285                 99.3125
1286                 99.25
1287                 99.3125
1288                 99.3125
1289                 99.25
1290                 99.3125
1291                 99.3125
1292                 99.25
1293                 99.3125
1294                 99.3125
1295                 99.25
1296                 99.3125
1297                 99.3125
1298                 99.25
1299                 99.3125
1300                 99.3125
1301                 99.25
1302                 99.3125
1303                 99.25
1304                 99.3125
1305                 99.3125
1306                396.938
1307                397
1308                397
1309                396.938
1310                397
1311                396.938
1312                397
1313                397
1314                396.938
1315                397
1316                 39.75
1317                 39.8125
1318                 39.75
1319                 39.8125
1320                 39.75
1321                 39.8125
1322                 39.75
1323                 39.8125
1324                 39.75
1325                 39.75
1326                 39.8125
1327                 39.75
1328                 39.8125
1329                 39.75
1330                 39.8125
1331                 39.75
1332                 39.8125
1333                 39.75
1334                 39.75
1335                 39.8125
1336                 39.75
1337                 39.8125
1338                 39.75
1339                 39.8125
1340                 39.75
1341                 39.8125
1342                 39.75
1343                 39.8125
1344                 39.75
1345                 39.75
1346                 39.8125
1347                 39.75
1348                 39.8125
1349                 39.75
1350                 39.8125
1351                 39.75
1352                 39.8125
1353                 39.75
1354                 39.8125
1355                 39.75
1356                 39.75
1357                 39.8125
1358                 39.75
1359                 39.8125
1360                 39.75
1361                 39.8125
1362                 39.75
1363                 39.8125
1364                 39.75
1365                 39.75
1366                 39.8125
1367                 39.75
1368                 39.8125
1369                 39.75
1370                 39.8125
1371                 39.75
1372                 39.8125
1373                 39.75
1374                 39.8125
1375                 39.75
1376                 39.75
1377                 39.8125
1378                 39.75
1379                 39.8125
1380                 39.75
1381                 39.8125
1382                 39.75
1383                 39.8125
1384                 39.75
1385                 39.75
1386                 39.8125
1387                 39.75
1388                 39.8125
1389                 39.75
1390                 39.8125
1391                 39.75
1392                 39.8125
1393                 39.75
1394                 39.8125
1395                 39.75
1396                 39.75
1397                 39.8125
1398                 39.75
1399                 39.8125
1400                 39.75
1401                 39.8125
1402                 39.75
1403                 39.8125
1404                 39.75
1405                 39.8125
1406                 39.75
1407                 39.75
1408                 39.8125
1409                 39.75
1410                 39.8125
1411                 39.75
1412                 39.8125
1413                 39.75
1414                 39.8125
1415                 39.75
1416                 39.75
1417                 39.8125
1418                 39.75
1419                 39.8125
1420                 39.75
1421                 39.8125
1422                 39.75
1423                 39.8125
1424                 39.75
1425                 39.8125
1426                 39.75
1427                 39.75
1428                 39.8125
1429                 39.75
1430                 39.8125
1431                 39.75
1432                 39.8125
1433                 39.75
1434                 39.8125
1435                 39.75
1436                 39.8125
1437                 39.75
1438                 39.75
1439                 39.8125
1440                 39.75
1441                 39.8125
1442                 39.75
1443                 39.8125
1444                 39.75
1445                 39.8125
1446                 39.75
1447                 39.75
1448                 39.8125
1449                 39.75
1450                 39.8125
1451                 39.75
1452                 39.8125
1453                 39.75
1454                 39.8125
1455                 39.75
1456                 39.8125
1457                 39.75
1458                 39.75
1459                 39.8125
1460                 39.75
1461                 39.8125
1462                 39.75
1463                 39.8125
1464                 39.75
1465                 39.8125
1466                 39.75
1467                 39.8125
1468                 39.75
1469                 39.75
1470                 39.8125
1471                 39.75
1472                 39.8125
1473                 39.75
1474                 39.8125
1475                 39.75
1476                 39.8125
1477                 39.75
1478                 39.75
1479                 39.8125
1480                 39.75
1481                 39.8125
1482                 39.75
1483                 39.8125
1484                 39.75
1485                 39.8125
1486                 39.75
1487                 39.8125
1488                 39.75
1489                 39.75
1490                 39.8125
1491                 39.75
1492                 39.8125
1493                 39.75
1494                 39.8125
1495                 39.75
1496                 39.8125
1497                 39.75
1498                 39.8125
1499                 39.75
1500                 39.75
1501                 39.8125
1502                 39.75
1503                 39.8125
1504                 39.75
1505                 39.8125
1506                 39.75
1507                 39.8125
1508                 39.75
1509                 39.75
1510                 39.8125
1511                 39.75
1512                 39.8125
1513                 39.75
1514                 39.8125
1515                 39.75
1516                 39.8125
1517                 39.75
1518                 39.8125
1519                 39.75
1520                 39.75
1521                 39.8125
1522                 39.75
1523                 39.8125
1524                 39.75
1525                 39.8125
1526                 39.75
1527                 39.8125
1528                 39.75
1529                 39.8125
1530                 39.75
1531                 39.75
1532                 39.8125
1533                 39.75
1534                 39.8125
1535                 39.75
1536                 39.8125
1537                 39.75
1538                 39.8125
1539                 39.75
1540                 39.75
1541                 39.8125
1542                 39.75
1543                 39.8125
1544                 39.75
1545                 39.8125
1546                 39.75
1547                 39.8125
1548                 39.75
1549                 39.8125
1550                 39.75
1551                 39.75
1552                 39.8125
1553                 39.75
1554                 39.8125
1555                 39.75
1556                 39.8125
1557                 39.75
1558                 39.8125
1559                 39.75
1560                 39.75
1561                 39.8125
1562                 39.75
1563                 39.8125
1564                 39.75
1565                 99.3125
1566                 99.3125
1567                 99.25
1568                 99.3125
1569                 99.3125
1570                 99.25
1571                 99.3125
1572                 99.25
1573                 99.3125
1574                 99.3125
1575                 99.25
1576                 99.3125
1577                 99.3125
1578                 99.25
1579                 99.3125
1580                 99.3125
1581                 99.25
1582                 99.3125
1583                 99.3125
1584                 99.25
1585                 99.3125
1586                 99.3125
1587                 99.25
1588                 99.3125
1589                 99.25
1590                 99.3125
1591                 99.3125
1592                 99.25
1593                 99.3125
1594                 99.3125
1595                 99.25
1596                 99.3125
1597                 99.3125
1598                 99.25
1599                 99.3125
1600                 99.3125
1601                 99.25
1602                 99.3125
1603                 99.3125
1604                 99.25
1605                 99.3125
1606                 99.25
1607                 99.3125
1608                 99.3125
1609                 99.25
1610                 99.3125
1611                 99.3125
1612                 99.25
1613                 99.3125
1614                 99.3125
1615                 99.25
1616                 99.3125
1617                 99.3125
1618                 99.25
1619                 99.3125
1620                 99.3125
1621                 99.25
1622                 99.3125
1623                 99.25
1624                 99.3125
1625                 99.3125
1626                 99.25
1627                 99.3125
1628                 99.3125
1629                 99.25
1630                 99.3125
1631                 99.3125
1632                 99.25
1633                 99.3125
1634                 99.3125
1635                 99.25
1636                 99.3125
1637                 99.3125
1638                 99.25
1639                 99.3125
1640                 99.25
1641                 99.3125
1642                 99.3125
1643                 99.25
1644                 99.3125
1645                 99.3125
1646                 99.25
1647                 99.3125
1648                 99.3125
1649                 99.25
1650                 99.3125
1651                 99.3125
1652                 99.25
1653                 99.3125
1654                 99.3125
1655                 99.25
1656                 99.3125
1657                 99.25
1658                 99.3125
1659                 99.3125
1660                 99.25
1661                 99.3125
1662                 99.3125
1663                 99.25
1664                 99.3125
1665                 99.3125
1666                 99.25
1667                 99.3125
1668                 99.3125
1669                 99.25
1670                 99.3125
1671                 99.3125
1672                 99.25
1673                 99.3125
1674                 99.25
1675                 99.3125
1676                 99.3125
1677                 99.25
1678                 99.3125
1679                 99.3125
1680                 99.25
1681                 99.3125
1682                 99.3125
1683                 99.25
1684                 99.3125
1685                 99.3125
1686                 99.25
1687                 99.3125
1688                 99.3125
1689                 99.25
1690                 99.3125
1691                 99.25
1692                 99.3125
1693                 99.3125
1694                 99.25
1695                 99.3125
1696                 99.3125
1697                 99.25
1698                 99.3125
1699                 99.3125
1700                 99.25
1701                 99.3125
1702                 99.3125
1703                 99.25
1704                 99.3125
1705                 99.3125
1706                 99.25
1707                 99.3125
1708                 99.25
1709                 99.3125
1710                 99.3125
1711                 99.25
1712                 99.3125
1713                 99.3125
1714                 99.25
1715                 99.3125
1716                 99.3125
1717                 99.25
1718                 99.3125
1719                 99.3125
1720                 99.25
1721                 99.3125
1722                 99.3125
1723                 99.25
1724                 99.3125
1725                 99.25
1726                 99.3125
1727                 99.3125
1728                 99.25
1729                 99.3125
1730                 99.3125
1731                 99.25
1732                 99.3125
1733                 99.3125
1734                 99.25
1735                 99.3125
1736                 99.3125
1737                 99.25
1738                 99.3125
1739                 99.3125
1740                 99.25
1741                 99.3125
1742                 99.3125
1743                 99.25
1744                 99.3125
1745                 99.25
1746                 99.3125
1747                 99.3125
1748                 99.25
1749                 99.3125
1750                 99.3125
1751                 99.25
1752                 99.3125
1753                 99.3125
1754                 99.25
1755                 99.3125
1756                 99.3125
1757                 99.25
1758                 99.3125
1759                 99.3125
1760                 99.25
1761                 99.3125
1762                 99.25
1763                 99.3125
1764                 99.3125
1765                 99.25
1766                 99.3125
1767                 99.3125
1768                 99.25
1769                 99.3125
1770                 99.3125
1771                 99.25
1772                 99.3125
1773                 99.3125
1774                 99.25
1775                 99.3125
1776                 99.3125
1777                 99.25
1778                 99.3125
1779                 99.25
1780                 99.3125
1781                 99.3125
1782                 99.25
1783                 99.3125
1784                 99.3125
1785                 99.25
1786                 99.3125
1787                 99.3125
1788                 99.25
1789                 99.3125
1790                 99.3125
1791                 99.25
1792                 99.3125
1793                 99.25
1794                 99.3125
1795                 99.3125
1796                 99.25
1797                 99.3125
1798                 99.3125
1799                 99.25
1800                 99.3125
1801                 99.3125
1802                 99.25
1803                 99.3125
1804                 99.3125
1805                 99.25
1806                 99.3125
1807                 99.3125
1808                 99.25
1809                 99.3125
1810                 99.25
1811                 99.3125
1812                 99.3125
1813                 99.25
1814                 99.3125
1815                 99.3125
1816                 99.25
1817                 99.3125
1818                 99.3125
1819                 99.25
1820                 99.3125
1821                 99.3125
1822                 99.25
1823                 99.3125
1824                 99.3125
1825                 99.25
1826                 99.3125
1827                 99.25
1828                 99.3125
1829                 99.3125
1830                 99.25
1831                 99.3125
1832                 99.3125
1833                 99.25
1834                 99.3125
1835                 99.3125
1836                 99.25
1837                 99.3125
1838                 99.3125
1839                 99.25
1840                 99.3125
1841                 99.3125
1842                 99.25
1843                 99.3125
1844                 99.25
1845                 99.3125
1846                 99.3125
1847                 99.25
1848                 99.3125
1849                 99.3125
1850                 99.25
1851                 99.3125
1852                 99.3125
1853                 99.25
1854                 99.3125
1855                 99.3125
1856                 99.25
1857                 99.3125
1858                 99.3125
1859                 99.25
1860                 99.3125
1861                 99.25
1862                 99.3125
1863                 99.3125
1864                 99.25
1865                 99.3125
1866                 99.3125
1867                 99.25
1868                 99.3125
1869                 99.3125
1870                 99.25
1871                 99.3125
1872                 99.3125
1873                 99.25
1874                 99.3125
1875                 99.3125
1876                 99.25
1877                 99.3125
1878                 99.3125
1879                 99.25
1880                 99.3125
1881                 99.25
1882                 99.3125
1883                 99.3125
1884                 99.25
1885                 99.3125
1886                 99.3125
1887                 99.25
1888                 99.3125
1889                 99.3125
1890                 99.25
1891                 99.3125
1892                 99.3125
1893                 99.25
1894                 99.3125
1895                 99.3125
1896                 99.25
1897                 99.3125
1898                 99.25
1899                 99.3125
1900                 99.3125
1901                 99.25
1902                 99.3125
1903                 99.3125
1904                 99.25
1905                 99.3125
1906                 99.3125
1907                 99.25
1908                 99.3125
1909                 99.3125
1910                 99.25
1911                 99.3125
1912                 99.3125
1913                 99.25
1914                 99.3125
1915                 99.25
1916                 99.3125
1917                 99.3125
1918                 99.25
1919                 99.3125
1920                 99.3125
1921                 99.25
1922                 99.3125
1923                 99.3125
1924                 99.25
1925                 99.3125
1926                 99.3125
1927                 99.25
1928                 99.3125
1929                 99.3125
1930                 99.25
1931                 99.3125
1932                 99.25
1933                 99.3125
1934                 99.3125
1935                 99.25
1936                 99.3125
1937                 99.3125
1938                 99.25
1939                 99.3125
1940                 99.3125
1941                 99.25
1942                 99.3125
1943                 99.3125
1944                 99.25
1945                 99.3125
1946                 99.3125
1947                 99.25
1948                 99.3125
1949                 99.3125
1950                 99.25
1951                 99.3125
1952                 99.25
1953                 99.3125
1954                 99.3125
1955                 99.25
1956                 99.3125
1957                 99.3125
1958                 99.25
1959                 99.3125
1960                 99.3125
1961                 99.25
1962                 99.3125
1963                 99.3125
1964                 99.25
1965                397
1966                396.938
1967                397
1968                397
1969                396.938
1970                397
1971                397
1972                396.938
1973                397
1974                396.938
1975                 39.8125
1976                 39.75
1977                 39.8125
1978                 39.75
1979                 39.8125
1980                 39.75
1981                 39.8125
1982                 39.75
1983                 39.75
1984                 39.8125
1985                 39.75
1986                 39.8125
1987                 39.75
1988                 39.8125
1989                 39.75
1990                 39.8125
1991                 39.75
1992                 39.8125
1993                 39.75
1994                 39.75
1995                 39.8125
1996                 39.75
1997                 39.8125
1998                 39.75
1999                 39.8125
2000                 39.75
2001                 39.8125
2002                 39.75
2003                 39.75
2004                 39.8125
2005                 39.75
2006                 39.8125
2007                 39.75
2008                 39.8125
2009                 39.75
2010                 39.8125
2011                 39.75
2012                 39.8125
2013                 39.75
2014                 39.75
2015                 39.8125
2016                 39.75
2017                 39.8125
2018                 39.75
2019                 39.8125
2020                 39.75
2021                 39.8125
2022                 39.75
2023                 39.8125
2024                 39.75
2025                 39.75
2026                 39.8125
2027                 39.75
2028                 39.8125
2029                 39.75
2030                 39.8125
2031                 39.75
2032                 39.8125
2033                 39.75
2034                 39.75
2035                 39.8125
2036                 39.75
2037                 39.8125
2038                 39.75
2039                 39.8125
2040                 39.75
2041                 39.8125
2042                 39.75
2043                 39.8125
2044                 39.75
2045                 39.75
2046                 39.8125
2047                 39.75
2048                 39.8125
2049                 39.75
2050                 39.8125
2051                 39.75
2052                 39.8125
2053                 39.75
2054                 39.8125
2055                 39.75
2056                 39.75
2057                 39.8125
2058                 39.75
2059                 39.8125
2060                 39.75
2061                 39.8125
2062                 39.75
2063                 39.8125
2064                 39.75
2065                 39.75
2066                 39.8125
2067                 39.75
2068                 39.8125
2069                 39.75
2070                 39.8125
2071                 39.75
2072                 39.8125
2073                 39.75
2074                 39.8125
2075                 39.75
2076                 39.75
2077                 39.8125
2078                 39.75
2079                 39.8125
2080                 39.75
2081                 39.8125
2082                 39.75
2083                 39.8125
2084                 39.75
2085                 39.8125
2086                 39.75
2087                 39.75
2088                 39.8125
2089                 39.75
2090                 39.8125
2091                 39.75
2092                 39.8125
2093                 39.75
2094                 39.8125
2095                 39.75
2096                 39.75
2097                 39.8125
2098                 39.75
2099                 39.8125
2100                 39.75
2101                 39.8125
2102                 39.75
2103                 39.8125
2104                 39.75
2105                 39.8125
2106                 39.75
2107                 39.75
2108                 39.8125
2109                 39.75
2110                 39.8125
2111                 39.75
2112                 39.8125
2113                 39.75
2114                 39.8125
2115                 39.75
2116                 39.8125
2117                 39.75
2118                 39.75
2119                 39.8125
2120                 39.75
2121                 39.8125
2122                 39.75
2123                 39.8125
2124                 39.75
2125                 39.8125
2126                 39.75
2127                 39.75
2128                 39.8125
2129                 39.75
2130                 39.8125
2131                 39.75
2132                 39.8125
2133                 39.75
2134                 39.8125
2135                 39.75
2136                 39.8125
2137                 39.75
2138                 39.75
2139                 39.8125
2140                 39.75
2141                 39.8125
2142                 39.75
2143                 39.8125
2144                 39.75
2145                 39.8125
2146                 39.75
2147                 39.8125
2148                 39.75
2149                 39.75
2150                 39.8125
2151                 39.75
2152                 39.8125
2153                 39.75
2154                 39.8125
2155                 39.75
2156                 39.8125
2157                 39.75
2158                 39.8125
2159                 39.75
2160                 39.75
2161                 39.8125
2162                 39.75
2163                 39.8125
2164                 39.75
2165                 39.8125
2166                 39.75
2167                 39.8125
2168                 39.75
2169                 39.75
2170                 39.8125
2171                 39.75
2172                 39.8125
2173                 39.75
2174                 39.8125
2175                 39.75
2176                 39.8125
2177                 39.75
2178                 39.8125
2179                 39.75
2180                 39.75
2181                 39.8125
2182                 39.75
2183                 39.8125
2184                 39.75
2185                 39.8125
2186                 39.75
2187                 39.8125
2188                 39.75
2189                 39.8125
2190                 39.75
2191                 39.75
2192                 39.8125
2193                 39.75
2194                 39.8125
2195                 39.75
2196                 39.8125
2197                 39.75
2198                 39.8125
2199                 39.75
2200                 39.75
2201                 39.8125
2202                 39.75
2203                 39.8125
2204                 39.75
2205                 39.8125
2206                 39.75
2207                 39.8125
2208                 39.75
2209                 39.8125
2210                 39.75
2211                 39.75
2212                 39.8125
2213                 39.75
2214                 39.8125
2215                 39.75
2216                 39.8125
2217                 39.75
2218                 39.8125
2219                 39.75
2220                 39.8125
2221                 39.75
2222                 39.75
2223                 39.8125
2224                 99.375
2225                 99.3125
2226                 99.375
2227                 99.3125
2228                 99.375
2229                 99.375
2230                 99.3125
2231                 99.375
2232                 99.375
2233                 99.3125
2234                 99.375
2235                 99.375
2236                 99.3125
2237                 99.375
2238                 99.3125
2239                 99.375
2240                 99.375
2241                 99.3125
2242                 99.375
2243                 99.375
2244                 99.3125
2245                 99.375
2246                 99.375
2247                 99.3125
2248                 99.375
2249                 99.375
2250                 99.3125
2251                 99.375
2252                 99.3125
2253                 99.375
2254                 99.375
2255                 99.3125
2256                 99.375
2257                 99.375
2258                 99.3125
2259                 99.375
2260                 99.375
2261                 99.3125
2262                 99.375
2263                 99.375
2264                 99.3125
2265                 99.375
2266                 99.3125
2267                 99.375
2268                 99.375
2269                 99.3125
2270                 99.375
2271                 99.375
2272                 99.3125
2273                 99.375
2274                 99.375
2275                 99.3125
2276                 99.375
2277                 99.375
2278                 99.3125
2279                 99.375
2280                 99.3125
2281                 99.375
2282                 99.375
2283                 99.3125
2284                 99.375
2285                 99.375
2286                 99.3125
2287                 99.375
2288                 99.375
2289                 99.3125
2290                 99.375
2291                 99.3125
2292                 99.375
2293                 99.375
2294                 99.3125
2295                 99.375
2296                 99.375
2297                 99.3125
2298                 99.375
2299                 99.375
2300                 99.3125
2301                 99.375
2302                 99.375
2303                 99.3125
2304                 99.375
2305                 99.3125
2306                 99.375
2307                 99.375
2308                 99.3125
2309                 99.375
2310                 99.375
2311                 99.3125
2312                 99.375
2313                 99.375
2314                 99.3125
2315                 99.375
2316                 99.3125
2317                 99.375
2318                 99.375
2319                 99.3125
2320                 99.375
2321                 99.375
2322                 99.3125
2323                 99.375
2324                 99.375
2325                 99.3125
2326                 99.375
2327                 99.375
2328                 99.3125
2329                 99.375
2330                 99.3125
2331                 99.375
2332                 99.375
2333                 99.3125
2334                 99.375
2335                 99.375
2336                 99.3125
2337                 99.375
2338                 99.375
2339                 99.3125
2340                 99.375
2341                 99.375
2342                 99.3125
2343                 99.375
2344                 99.3125
2345                 99.375
2346                 99.375
2347                 99.3125
2348                 99.375
2349                 99.375
2350                 99.3125
2351                 99.375
2352                 99.375
2353                 99.3125
2354                 99.375
2355                 99.3125
2356                 99.375
2357                 99.375
2358                 99.3125
2359                 99.375
2360                 99.375
2361                 99.3125
2362                 99.375
2363                 99.375
2364                 99.3125
2365                 99.375
2366                 99.375
2367                 99.3125
2368                 99.375
2369                 99.3125
2370                 99.375
2371                 99.375
2372                 99.3125
2373                 99.375
2374                 99.375
2375                 99.3125
2376                 99.375
2377                 99.375
2378                 99.3125
2379                 99.375
2380                 99.3125
2381                 99.375
2382                 99.375
2383                 99.3125
2384                 99.375
2385                 99.375
2386                 99.3125
2387                 99.375
2388                 99.375
2389                 99.3125
2390                 99.375
2391                 99.375
2392                 99.3125
2393                 99.375
2394                 99.3125
2395                 99.375
2396                 99.375
2397                 99.3125
2398                 99.375
2399                 99.375
2400                 99.3125
2401                 99.375
2402                 99.375
2403                 99.3125
2404                 99.375
2405                 99.375
2406                 99.3125
2407                 99.375
2408                 99.3125
2409                 99.375
2410                 99.375
2411                 99.3125
2412                 99.375
2413                 99.375
2414                 99.3125
2415                 99.375
2416                 99.375
2417                 99.3125
2418                 99.375
2419                 99.3125
2420                 99.375
2421                 99.375
2422                 99.3125
2423                 99.375
2424                 99.375
2425                 99.3125
2426                 99.375
2427                 99.375
2428                 99.3125
2429                 99.375
2430                 99.375
2431                 99.3125
2432                 99.375
2433                 99.3125
2434                 99.375
2435                 99.375
2436                 99.3125
2437                 99.375
2438                 99.375
2439                 99.3125
2440                 99.375
2441                 99.375
2442                 99.3125
2443                 99.375
2444                 99.3125
2445                 99.375
2446                 99.375
2447                 99.3125
2448                 99.375
2449                 99.375
2450                 99.3125
2451                 99.375
2452                 99.375
2453                 99.3125
2454                 99.375
2455                 99.375
2456                 99.3125
2457                 99.375
2458                 99.3125
2459                 99.375
2460                 99.375
2461                 99.3125
2462                 99.375
2463                 99.375
2464                 99.3125
2465                 99.375
2466                 99.375
2467                 99.3125
2468                 99.375
2469                 99.3125
2470                 99.375
2471                 99.375
2472                 99.3125
2473                 99.375
2474                 99.375
2475                 99.3125
2476                 99.375
2477                 99.375
2478                 99.3125
2479                 99.375
2480                 99.375
2481                 99.3125
2482                 99.375
2483                 99.3125
2484                 99.375
2485                 99.375
2486                 99.3125
2487                 99.375
2488                 99.375
2489                 99.3125
2490                 99.375
2491                 99.375
2492                 99.3125
2493                 99.375
2494                 99.3125
2495                 99.375
2496                 99.375
2497                 99.3125
2498                 99.375
2499                 99.375
2500                 99.3125
2501                 99.375
2502                 99.375
2503                 99.3125
2504                 99.375
2505                 99.375
2506                 99.3125
2507                 99.375
2508                 99.3125
2509                 99.375
2510                 99.375
2511                 99.3125
2512                 99.375
2513                 99.375
2514                 99.3125
2515                 99.375
2516                 99.375
2517                 99.3125
2518                 99.375
2519                 99.3125
2520                 99.375
2521                 99.375
2522                 99.3125
2523                 99.375
2524                 99.375
2525                 99.3125
2526                 99.375
2527                 99.375
2528                 99.3125
2529                 99.375
2530                 99.375
2531                 99.3125
2532                 99.375
2533                 99.3125
2534                 99.375
2535                 99.375
2536                 99.3125
2537                 99.375
2538                 99.375
2539                 99.3125
2540                 99.375
2541                 99.375
2542                 99.3125
2543                 99.375
2544                 99.3125
2545                 99.375
2546                 99.375
2547                 99.3125
2548                 99.375
2549                 99.375
2550                 99.3125
2551                 99.375
2552                 99.375
2553                 99.3125
2554                 99.375
2555                 99.375
2556                 99.3125
2557                 99.375
2558                 99.3125
2559                 99.375
2560                 99.375
2561                 99.3125
2562                 99.375
2563                 99.375
2564                 99.3125
2565                 99.375
2566                 99.375
2567                 99.3125
2568                 99.375
2569                 99.3125
2570                 99.375
2571                 99.375
2572                 99.3125
2573                 99.375
2574                 99.375
2575                 99.3125
2576                 99.375
2577                 99.375
2578                 99.3125
2579                 99.375
2580                 99.375
2581                 99.3125
2582                 99.375
2583                 99.3125
2584                 99.375
2585                 99.375
2586                 99.3125
2587                 99.375
2588                 99.375
2589                 99.3125
2590                 99.375
2591                 99.375
2592                 99.3125
2593                 99.375
2594                 99.3125
2595                 99.375
2596                 99.375
2597                 99.3125
2598                 99.375
2599                 99.375
2600                 99.3125
2601                 99.375
2602                 99.375
2603                 99.3125
2604                 99.375
2605                 99.375
2606                 99.3125
2607                 99.375
2608                 99.3125
2609                 99.375
2610                 99.375
2611                 99.3125
2612                 99.375
2613                 99.375
2614                 99.3125
2615                 99.375
2616                 99.375
2617                 99.3125
2618                 99.375
2619                 99.3125
2620                 99.375
2621                 99.375
2622                 99.3125
2623                 99.375
2624                397
2625                396.938
2626                397
2627                396.938
2628                397
2629                397
2630                396.938
2631                397
2632                397
2633                396.938
2634                 39.8125
2635                 39.75
2636                 39.8125
2637                 39.75
2638                 39.75
2639                 39.8125
2640                 39.75
2641                 39.8125
2642                 39.75
2643                 39.8125
2644                 39.75
2645                 39.8125
2646                 39.75
2647                 39.75
2648                 39.8125
2649                 39.75
2650                 39.8125
2651                 39.75
2652                 39.8125
2653                 39.75
2654                 39.8125
2655                 39.75
2656                 39.8125
2657                 39.75
2658                 39.75
2659                 39.8125
2660                 39.75
2661                 39.8125
2662                 39.75
2663                 39.8125
2664                 39.75
2665                 39.8125
2666                 39.75
2667                 39.75
2668                 39.8125
2669                 39.75
2670                 39.8125
2671                 39.75
2672                 39.8125
2673                 39.75
2674                 39.8125
2675                 39.75
2676                 39.8125
2677                 39.75
2678                 39.75
2679                 39.8125
2680                 39.75
2681                 39.8125
2682                 39.75
2683                 39.8125
2684                 39.75
2685                 39.8125
2686                 39.75
2687                 39.8125
2688                 39.75
2689                 39.75
2690                 39.8125
2691                 39.75
2692                 39.8125
2693                 39.75
2694                 39.8125
2695                 39.75
2696                 39.8125
2697                 39.75
2698                 39.75
2699                 39.8125
2700                 39.75
2701                 39.8125
2702                 39.75
2703                 39.8125
2704                 39.75
2705                 39.8125
2706                 39.75
2707                 39.8125
2708                 39.75
2709                 39.75
2710                 39.8125
2711                 39.75
2712                 39.8125
2713                 39.75
2714                 39.8125
2715                 39.75
2716                 39.8125
2717                 39.75
2718                 39.8125
2719                 39.75
2720                 39.75
2721                 39.8125
2722                 39.75
2723                 39.8125
2724                 39.75
2725                 39.8125
2726                 39.75
2727                 39.8125
2728                 39.75
2729                 39.75
2730                 39.8125
2731                 39.75
2732                 39.8125
2733                 39.75
2734                 39.8125
2735                 39.75
2736                 39.8125
2737                 39.75
2738                 39.8125
2739                 39.75
2740                 39.75
2741                 39.8125
2742                 39.75
2743                 39.8125
2744                 39.75
2745                 39.8125
2746                 39.75
2747                 39.8125
2748                 39.75
2749                 39.8125
2750                 39.75
2751                 39.75
2752                 39.8125
2753                 39.75
2754                 39.8125
2755                 39.75
2756                 39.8125
2757                 39.75
2758                 39.8125
2759                 39.75
2760                 39.75
2761                 39.8125
2762                 39.75
2763                 39.8125
2764                 39.75
2765                 39.8125
2766                 39.75
2767                 39.8125
2768                 39.75
2769                 39.8125
2770                 39.75
2771                 39.75
2772                 39.8125
2773                 39.75
2774                 39.8125
2775                 39.75
2776                 39.8125
2777                 39.75
2778                 39.8125
2779                 39.75
2780                 39.75
2781                 39.8125
2782                 39.75
2783                 39.8125
2784                 39.75
2785                 39.8125
2786                 39.75
2787                 39.8125
2788                 39.75
2789                 39.8125
2790                 39.75
2791                 39.75
2792                 39.8125
2793                 39.75
2794                 39.8125
2795                 39.75
2796                 39.8125
2797                 39.75
2798                 39.8125
2799                 39.75
2800                 39.8125
2801                 39.75
2802                 39.75
2803                 39.8125
2804                 39.75
2805                 39.8125
2806                 39.75
2807                 39.8125
2808                 39.75
2809                 39.8125
2810                 39.75
2811                 39.75
2812                 39.8125
2813                 39.75
2814                 39.8125
2815                 39.75
2816                 39.8125
2817                 39.75
2818                 39.8125
2819                 39.75
2820                 39.8125
2821                 39.75
2822                 39.75
2823                 39.8125
2824                 39.75
2825                 39.8125
2826                 39.75
2827                 39.8125
2828                 39.75
2829                 39.8125
2830                 39.75
2831                 39.8125
2832                 39.75
2833                 39.75
2834                 39.8125
2835                 39.75
2836                 39.8125
2837                 39.75
2838                 39.8125
2839                 39.75
2840                 39.8125
2841                 39.75
2842                 39.75
2843                 39.8125
2844                 39.75
2845                 39.8125
2846                 39.75
2847                 39.8125
2848                 39.75
2849                 39.8125
2850                 39.75
2851                 39.8125
2852                 39.75
2853                 39.75
2854                 39.8125
2855                 39.75
2856                 39.8125
2857                 39.75
2858                 39.8125
2859                 39.75
2860                 39.8125
2861                 39.75
2862                 39.8125
2863                 39.75
2864                 39.75
2865                 39.8125
2866                 39.75
2867                 39.8125
2868                 39.75
2869                 39.8125
2870                 39.75
2871                 39.8125
2872                 39.75
2873                 39.75
2874                 39.8125
2875                 39.75
2876                 39.8125
2877                 39.75
2878                 39.8125
2879                 39.75
2880                 39.8125
2881                 39.75
2882                 39.8125
2883                 99.25
2884                 99.3125
2885                 99.25
2886                 99.3125
2887                 99.3125
2888                 99.25
2889                 99.3125
2890                 99.3125
2891                 99.25
2892                 99.3125
2893                 99.3125
2894                 99.25
2895                 99.3125
2896                 99.3125
2897                 99.25
2898                 99.3125
2899                 99.3125