      Timestamps Sent [ms]    Timestamps Received [ms]    Error[1ms]
--  ----------------------  --------------------------  ------------
 0                    1000                        1000             0
 1                    1450                        1450             0
 2                    1700                        1700             0
 3                    2050                        2050             0
 4                    2350                        2350             0
 5                    2650                        2650             0
 6                    3000                        3000             0
 7                    3250                        3250             0
 8                    3300                        3300             0
 9                    3700                        3700             0